10192
10194
10997
11000
11003
11108
11192
11195
11235
11297
11395
11482
11725
11785
11788
11910
11916
11931
11991
1209
1211
12111
12115
12119
12304
12309
12311
12367
12369
12371
12373
12375
12377
12385
12579
12582
1265
12678
12714
12718
12720
12828
12830
12832
12862
12870
12894
12901
12925
12989
13002
13004
13053
13055
13066
13068
13144
13206
13231
13313
13468
13470
13519
13535
13537
13539
13541
13571
1359
1377
1379
1383
1389
1434
15064
15079
15139
15145
15199
15209
15211
15261
15291
15352
15422
15720
15722
15724
15744
15786
15798
15814
15828
15838
15862
15872
15874
15876
15882
15904
15906
15910
15918
15922
15926
16050
16052
16056
16058
16084
16134
16136
16148
16158
16190
16214
16246
16288
16330
16336
16371
16373
16427
16429
16451
16453
16485
16499
16501
16511
16593
16599
16641
16643
16649
16663
16669
16675
16695
16713
16761
16860
16880
16972
16974
16976
16984
17016
17042
17124
17144
17155
17163
17191
17225
17310
17350
17352
17392
17402
17408
17446
17546
17586
17611
17637
17639
17705
17710
17746
17786
17806
17812
17836
17838
17848
17980
17982
17986
17988
18006
18022
18114
18174
18176
18178
18180
18182
18184
18186
18214
18218
18242
1834
1836
18360
18362
18364
18368
18378
18380
18382
18384
18398
18400
18402
18404
18448
18531
18561
18563
18565
18680
18682
18688
18692
18777
18782
18868
18882
18892
18894
18896
18898
18944
19110
19180
19182
19186
1919
19202
19204
19206
19208
19216
19252
19254
19296
19321
19413
19445
19449
19451
19453
19455
19495
19595
19644
19688
19690
19740
19804
19808
19938
2001
2009
20136
20185
20195
20207
20265
20269
20271
20273
20280
20284
20306
20319
20325
20403
20405
20407
20419
20422
20480
20487
20494
20502
20514
20555
20565
20666
20668
20674
20714
20737
20790
20816
20818
20820
20838
20841
20877
20879
20921
20945
21013
21015
21017
21023
21027
21029
21031
21033
21035
21037
21047
21057
21063
21114
21116
21118
21124
21128
21130
21132
21205
21207
21221
21223
21225
21227
21290
21308
21325
21327
21329
21342
21347
21350
21356
21372
21384
21387
21436
21442
21444
21450
21460
21462
21470
21483
21502
21514
21581
21609
21632
21672
21678
21680
21682
21703
21738
21756
21774
21787
22255
22389
22818
22854
22972
22988
23040
23515
23531
23577
23714
23722
23775
24168
24220
24242
24246
24248
24258
24262
24266
24479
24532
24534
24584
24586
24588
24596
24608
24612
24623
24624
24627
24633
28075
28088
28090
28127
28281
28495
28568
28655
28662
28682
28684
28688
28701
28723
28725
28739
28886
28888
29041
29042
29043
29050
29058
29097
29103
29129
29130
29132
29134
29136
29138
29139
29141
29163
29173
29175
29191
29193
29195
29197
29199
29201
29205
29214
29274
29305
29317
29323
29337
29382
29424
29430
29479
29491
29516
29518
29669
29671
29882
29884
6040
6047
6129
6248
6309
6315
6584
6799
7182
7195
7197
7380
7521
7695
7792
7894
7898
8027
8068
8072
8623
8628
8922
9275
9481
9650
9684
9735
9739
9759
9818
